"leafN.mg.g"	"height.m"	"rootN.mg.g"	"SLA_m2.kg"	"root.depth_m"	"rootDiam.mm"	"SRL.groot.cahill.merge"	"RTD.groot.cahill.merge"	"RMF.g.g"
0.6699	0.6397	0.7111	0.0946	0.6812	0.6994	0.7733	0.8806	2.584
0.6459	0.6655	0.7272	0.0959	0.7135	0.714	0.7561	0.8888	2.6273
0.0998	0.6199	0.7489	0.0967	0.1005	0.6271	0.0973	0.729	0.0944
0.0983	0.6751	0.6877	0.0961	0.7125	0.675	0.7122	0.6918	0.7882
0.6561	0.6766	0.7755	0.6144	0.0962	0.6795	0.7247	0.6977	0.7109
0.1023	0.0936	0.1019	0.099	3.5994	7.0861	7.6651	3.7729	6.8235
0.1039	0.096	0.0941	0.3309	0.0944	0.0984	0.0972	0.096	0.0988
0.0939	0.0956	0.1	0.3325	0.0999	0.0968	0.1005	0.0926	0.102
0.0969	0.0981	0.1001	0.0986	0.0928	0.09	0.0922	0.3876	0.0938
0.0973	0.3774	0.0952	0.0947	0.0925	0.0959	0.0999	0.0995	0.1002
0.0995	0.3702	0.0968	0.095	0.0969	0.1025	0.1043	0.0983	0.092
0.098	0.0963	0.0951	0.0914	0.0963	0.0963	0.0964	0.0946	0.3878
0.0993	0.0968	0.1012	0.0933	0.0995	0.093	0.1004	0.3922	0.0976
0.0921	0.3815	0.0962	0.1017	0.0923	0.0918	0.0956	0.0979	0.0913
0.0984	0.0988	0.0941	0.0991	0.093	0.3676	0.1001	0.0972	0.0958
0.0932	0.1033	0.0968	0.0886	0.0954	0.0944	0.0991	0.0974	0.4031
0.0996	0.0996	0.7251	0.101	0.66	0.5224	0.1006	0.1053	0.0958
0.5153	0.0975	0.7133	0.0968	0.6531	0.5818	0.5888	0.6293	0.6241
0.5111	0.0983	0.7767	0.0996	0.6747	0.5419	0.582	0.6265	0.5942
0.0929	0.0989	0.7603	0.4384	0.6558	0.0995	0.0985	0.0939	0.091
0.0978	0.1057	0.7635	0.1026	0.627	0.091	0.3681	0.0978	0.0958
0.0953	0.6811	0.7249	0.5926	0.7095	0.7151	0.7166	0.716	0.7589
0.0982	0.0971	0.7258	0.6461	0.646	0.7096	0.771	0.7569	0.7731
0.0968	0.0969	0.7168	0.6487	0.6271	0.7235	0.7977	0.7393	0.7707
0.0947	0.0939	0.089	0.5996	0.1009	0.6261	0.0959	0.6795	0.0977
0.1012	0.0934	0.5877	0.0926	0.0971	0.0972	0.5673	0.5841	0.0993
0.1039	0.0935	0.0957	0.5131	0.0945	0.0879	0.1019	0.1008	0.0923
0.0995	0.5429	0.5703	0.0983	0.096	0.5455	0.5662	0.5805	0.0986
0.5288	0.5354	0.5566	0.0998	0.5486	0.566	0.6038	0.5949	0.5849
0.5923	0.1017	0.6225	0.0991	0.5494	0.5669	0.6105	0.5802	0.5708
0.0931	0.0965	0.0961	0.0959	0.095	0.3927	0.0992	0.097	0.5335
0.092	0.3926	0.0954	0.0924	0.096	0.0994	0.0946	0.0988	0.4972
0.0986	0.0946	0.0938	0.0947	0.1003	0.1021	0.0959	0.3701	0.5314
0.1006	0.1036	0.099	0.347	0.0937	0.0991	0.0925	0.0941	0.0948
0.1015	0.0991	0.0945	0.0967	0.0946	0.1011	0.3602	0.1041	0.0995
0.6273	0.0953	0.6439	0.0927	0.0945	0.6366	0.0978	0.6628	0.098
0.0953	0.0932	0.742	0.6104	0.6785	0.6687	0.7486	0.6856	0.7209
0.1027	0.0939	0.7398	0.6541	0.7072	0.6397	0.7744	0.7248	0.7178
0.0957	0.1012	3.6499	0.0998	2.6788	4.0457	0.0962	3.8963	4.7325
0.1034	0.5943	2.3728	0.1002	0.1022	0.0945	4.6312	5.7074	0.5576
0.6261	0.0956	2.4537	0.0956	0.0941	0.5841	4.5769	5.6714	0.1017
0.0927	0.6766	0.0998	0.1006	0.6286	0.0921	0.0978	0.0913	0.6513
0.0995	0.1008	0.7632	0.6081	0.6883	0.6473	0.7642	0.7489	0.7532
0.0991	0.1005	0.0967	0.0997	0.0988	0.0956	0.5338	0.0987	0.5398
0.0961	0.0966	0.6516	0.0959	0.4215	0.5693	0.694	0.5789	0.5911
0.0991	0.4624	0.673	0.0944	0.0954	0.5528	0.6785	0.5939	0.5646
0.5141	0.0977	0.5645	0.0923	0.0945	0.5078	0.5686	0.6009	0.0996
0.0963	0.0936	0.097	0.3483	0.097	0.0965	0.0991	0.0938	0.5493
0.0931	0.0935	0.0968	0.0993	0.0891	0.0958	0.0976	0.3972	0.5454
0.0942	0.0932	0.5856	0.5551	0.5983	0.5444	0.5878	0.6025	0.55
0.0939	0.4111	0.1006	0.0984	0.0908	0.0956	0.0946	0.1002	0.0989
0.0984	0.0978	0.423	0.0963	0.0978	0.0885	0.0984	0.0961	0.1017
0.1005	0.1004	0.7434	0.1008	0.0964	1.3626	0.797	0.7319	1.9533
0.1019	0.0911	0.0988	0.3581	0.0932	0.0984	0.0999	0.0937	0.0964
0.1004	0.3888	0.0938	0.1026	0.1007	0.0984	0.1002	0.0982	0.0941
0.1001	0.1027	0.0996	0.0913	0.384	0.0949	0.0983	0.0966	0.0953
0.0974	0.0941	0.098	0.097	0.0958	0.0943	0.0959	0.0966	0.3809
0.0987	0.0989	0.094	0.0908	0.0905	0.0938	0.1017	0.3857	0.1008
0.0973	0.0937	0.0948	0.3533	0.0935	1.3432	0.0993	0.102	1.913
0.0994	0.0896	0.0991	0.0989	0.428	1.3725	0.0959	0.0961	1.933
0.6419	0.0911	0.0966	0.1028	0.6781	0.1017	0.1042	0.0922	0.0989
0.0904	0.0997	0.0913	0.0925	0.0929	0.3624	0.0951	0.1019	0.094
0.0985	0.1031	0.0999	0.348	0.0999	0.0926	0.0982	0.0975	0.0952
0.097	0.3805	0.0912	0.0942	0.0948	0.096	0.097	0.0951	0.0974
0.0997	0.1004	0.0962	0.0973	0.0931	0.3751	0.0934	0.0984	0.1013
0.099	0.0998	0.3974	0.0978	0.0959	0.0942	0.0939	0.101	0.096
0.097	0.0962	0.8029	0.0979	0.0945	0.0978	0.096	0.103	0.1009
0.1035	0.6418	0.6608	0.0928	0.0995	0.6559	0.7099	0.7013	0.0969
0.0984	0.1036	2.2446	0.66	3.5157	2.3916	1.6954	2.0852	1.5999
0.6717	0.0913	0.0984	0.0966	0.0957	0.0971	0.0915	0.0953	0.0959
0.0981	0.1009	0.5949	0.4825	0.5667	0.5341	0.5755	0.5743	0.634
0.0985	0.0962	0.5973	0.1009	0.5613	0.0935	0.5851	0.6012	0.6324
0.0881	0.0982	0.5876	0.513	0.5513	0.5395	0.5954	0.5822	0.6746
0.0961	0.0958	0.0987	0.0936	0.0987	0.1051	0.3808	0.1035	0.0915
0.0929	0.389	0.0948	0.0945	0.098	0.0904	0.0984	0.0968	0.0983
0.5624	0.097	0.6368	0.5077	0.097	0.5647	0.5808	0.614	0.6357
0.0959	0.0999	0.092	0.0931	0.0924	3.5897	3.2336	3.0317	3.3585
0.099	0.0887	0.6202	0.101	0.095	0.1	0.0898	0.0959	0.0969
0.5336	0.0976	0.5861	0.4845	0.0928	0.5356	0.586	0.5936	0.5756
0.0923	0.0977	0.5522	0.0967	0.0917	0.5406	0.1117	0.5453	0.0972
0.094	0.0951	0.6198	0.0899	0.5926	0.0921	0.0955	0.0986	0.4996
0.098	0.0988	0.098	0.3218	0.0955	0.0972	0.0971	0.0953	0.5311
0.0946	0.1032	0.094	0.0969	0.408	0.0947	0.0951	0.0956	0.5182
0.0976	0.0959	0.0957	0.0964	0.0959	0.0955	0.0932	0.4522	0.5211
0.0969	0.0963	0.0928	0.096	0.0949	0.0961	0.0959	0.4358	0.5236
0.0903	0.0947	0.0954	0.0983	0.0944	0.0993	0.0972	0.4056	0.5125
0.0964	0.4007	0.0966	0.0904	0.0945	0.0992	0.0945	0.0995	0.5302
0.0937	0.0948	0.0899	0.3292	0.0988	0.0996	0.0952	0.1012	0.0947
0.0956	0.0984	0.0973	0.0965	0.0939	0.3428	0.0958	0.0925	0.0933
0.0961	0.0958	0.0959	0.1028	0.0996	0.0978	0.0932	0.3657	0.0984
0.0938	0.0955	0.0984	0.0951	0.0963	0.0938	0.3701	0.0973	0.0987
0.0946	0.0978	0.0974	0.0946	0.4149	0.0932	0.0975	0.0975	0.0966
0.0964	0.5295	0.5967	0.0928	0.0966	0.5627	0.5931	0.5691	0.5743
0.0942	0.4019	0.6497	0.0967	0.0936	0.1013	0.0955	0.5548	0.0965
0.0934	0.0938	0.6089	0.0951	0.0948	0.0975	0.4263	0.5591	0.0994
0.1011	0.0973	0.6126	0.0961	0.097	0.415	0.101	0.569	0.0988
0.5848	0.0872	0.5744	0.104	0.5851	0.1035	0.098	0.0973	0.0973
0.0938	0.0971	0.1035	0.4741	0.0969	0.0924	0.0905	0.0897	0.0981
0.0964	0.0969	0.5899	0.0926	0.5633	0.0947	0.5461	0.0994	0.0916
0.0978	0.4188	0.7355	0.0939	0.0921	0.6697	0.6885	0.682	0.7333
0.0967	0.1003	0.742	0.0984	0.4103	0.6673	0.7201	0.6517	0.7441
0.099	0.5562	0.7099	0.0979	0.5825	0.6815	0.6971	0.6881	0.6908
2.4089	0.0975	5.5419	0.1038	2.9675	2.4501	2.8472	2.8278	8.251
0.0927	0.3833	0.7394	0.1004	0.098	0.6621	0.7383	0.6885	0.7696
0.0981	0.0973	0.7687	0.0959	0.4012	0.6551	0.7393	0.7153	0.7281
0.6016	0.0967	0.7059	0.1062	0.6743	0.6869	0.7252	0.679	0.7264
0.0934	0.5595	0.801	0.1041	0.6662	0.6677	0.6463	0.6168	0.7087
0.0962	0.0954	0.6187	0.34	0.1016	0.0865	0.6304	0.0973	0.0952
0.0944	0.4799	0.6181	0.0965	0.0976	0.0915	0.6359	0.0937	0.095
0.0938	0.4573	0.6161	0.0959	0.0996	0.094	0.6083	0.1019	0.0998
0.0981	0.4525	0.6427	0.0945	0.0989	0.0907	0.6324	0.0994	0.0921
0.611	0.0935	0.7263	0.5959	0.1032	0.7224	0.6802	0.7322	0.7513
0.646	0.0983	0.7487	0.0976	0.7021	0.6414	0.6767	0.7478	0.6818
0.0927	0.6828	0.6961	0.0965	0.6665	0.683	0.72	0.7428	0.6868
0.6982	0.6213	0.733	0.099	0.6756	0.7003	0.7142	0.7224	0.7251
0.6181	0.6513	0.7629	0.0938	0.6672	0.7013	0.7715	0.7012	0.6992
0.5355	0.0935	0.6068	0.1013	0.0972	0.0867	0.0922	0.5341	0.568
0.0976	0.0957	0.0999	0.0974	0.0943	0.0998	0.3918	0.103	0.0969
0.0956	0.0985	0.0961	0.0949	0.3808	0.0965	0.0994	0.0963	0.0938
0.0986	0.0966	0.0978	0.0931	0.0941	0.099	0.376	0.0953	0.097
0.0951	0.0974	0.0984	0.0941	0.0937	0.0977	0.0958	0.4042	0.1001
0.1003	0.0918	0.4366	0.0921	0.0913	0.0978	0.0992	0.0997	0.0954
0.0982	0.0969	0.0918	0.0962	0.095	0.091	0.3499	0.0964	0.0977
0.0967	0.0985	0.6557	0.0948	0.0908	0.5603	0.5599	0.096	0.4314
0.0943	0.0944	0.6435	0.0979	0.4154	0.5591	0.5279	0.0984	0.0921
0.0928	0.0977	0.0966	0.0956	0.0931	0.0915	0.3837	0.0953	0.0889
0.0913	0.0993	0.1	0.0928	0.1004	0.0968	0.1002	0.095	0.3952
0.6558	0.0972	0.7609	0.5229	0.6995	0.6975	0.7685	0.7018	0.7155
0.6661	0.098	0.6879	0.0942	0.7174	0.6917	0.7564	0.6989	0.7725
0.0965	0.098	0.6138	0.0975	0.0978	0.4002	0.6337	0.6213	0.5374
0.3887	0.0954	0.6421	0.099	0.0992	0.0935	0.6315	0.5988	0.5325
0.0979	0.0984	0.1002	0.0893	0.0938	0.4089	0.1003	0.0969	0.1012
0.0967	0.0934	0.0972	0.3395	0.094	0.1024	0.0944	0.1039	0.0932
0.0937	0.0937	0.3859	0.0961	0.0953	0.0958	0.0991	0.0988	0.0917
0.0951	0.101	0.6273	0.0964	0.5694	0.0997	0.5517	0.0989	0.5808
0.0925	0.0968	0.0921	0.0889	0.0996	0.0999	0.5009	0.0932	0.0948
0.3887	0.0975	0.0963	0.0993	0.0987	0.0946	0.0988	0.0958	0.0941
0.0977	0.0916	0.4069	0.0996	0.0959	0.0941	0.0915	0.0978	0.0951
0.1064	0.0937	0.6301	0.0908	0.534	0.5605	0.096	0.0977	0.5716
0.0933	0.0882	0.6225	0.0972	0.5703	0.5585	0.0913	0.0979	0.5806
0.0994	0.5316	0.0985	0.0993	0.095	0.0917	0.0978	0.0944	0.1045
0.0911	0.5184	0.1001	0.1037	0.0965	0.0942	0.0967	0.0964	0.0946
0.0973	0.0967	0.3896	0.0965	0.0958	0.0923	0.0963	0.0943	0.1031
0.0978	0.0954	0.0989	0.0968	0.0919	0.0999	0.0984	0.0911	0.382
0.0966	0.0992	0.0964	0.3174	0.0976	0.098	0.0932	0.0958	0.0941
0.0966	0.1018	0.6077	0.0917	0.1021	0.0986	0.0934	0.0943	0.0958
0.0971	0.0982	0.5759	0.432	0.1007	0.0924	0.5796	0.5769	0.5492
0.0938	0.093	0.563	0.0957	0.4069	0.0944	0.5837	0.5422	0.5258
0.1008	0.0943	0.5391	0.4379	0.0969	0.0969	0.5717	0.5892	0.5395
0.092	0.0948	0.6039	0.0973	0.4099	0.595	0.6035	0.5628	0.5983
0.0968	0.0992	0.5416	0.0966	0.3894	0.5855	0.5345	0.5412	0.5806
0.0917	0.0999	0.6071	0.0971	0.4103	0.5544	0.5446	0.5529	0.5764
0.0954	0.4103	0.6203	0.0977	0.1	0.5662	0.5376	0.5626	0.5574
0.3665	0.0951	0.5809	0.0941	0.0982	0.5927	0.5396	0.5695	0.0996
0.0923	0.0953	0.5336	0.0974	0.4158	0.565	0.5643	0.615	0.0945
0.0947	0.3862	0.093	0.0907	0.0968	0.0941	0.0963	0.0975	0.1006
0.1018	0.0891	0.0925	0.1009	0.0974	0.3696	0.0954	0.0908	0.0993
0.0984	0.1009	0.0976	0.0985	0.0932	0.0904	0.1	0.0981	0.3975
0.0991	0.7035	5.7314	0.0943	3.6293	2.978	4.4039	3.8423	2.4646
0.6452	0.0953	0.0951	0.0973	0.0942	0.6218	0.0982	0.6272	0.1017
0.6902	0.1011	0.0989	0.0946	0.0963	0.0968	0.0951	0.0981	0.6516
0.6355	0.0984	1.6449	0.5127	0.7217	0.5662	0.5771	0.598	0.5759
0.5949	0.0967	1.6288	0.0919	0.679	0.0947	0.0954	0.0926	0.0973
0.0971	0.1007	0.1025	0.0986	0.0954	0.3714	0.0965	0.0974	0.0946
0.36	0.0943	0.0982	0.0906	0.0975	0.091	0.1	0.1004	0.0958
0.0968	0.0979	0.4323	0.0978	0.0978	0.1036	0.0983	0.1035	0.0998
0.097	0.0925	0.0976	0.0941	0.4042	0.092	0.0933	0.0963	0.0946
0.5457	0.1016	0.6746	0.0987	0.7031	0.7372	0.7006	0.7356	0.6824
0.5341	0.1	0.6756	0.0964	0.7109	0.733	0.6836	0.7043	0.6938
0.1038	0.5924	0.7367	0.0967	0.6632	0.6815	0.6662	0.752	0.7091
0.5221	0.097	0.7349	0.6007	0.731	0.7016	0.7465	0.7803	0.7341
1.7795	0.1073	3.1418	0.0971	6.8359	3.4081	5.3878	5.2042	0.1005
0.0967	4.9435	4.8603	0.1024	0.0981	0.0969	4.6402	5.17	3.2141
0.6638	0.0897	0.0981	0.0992	0.0989	0.0975	0.096	0.1023	0.0984
0.6994	0.6635	0.6843	0.0945	0.704	0.7339	0.7323	0.6745	0.6687
0.1	0.102	0.7188	0.4985	0.0945	0.6671	0.7366	0.589	0.5898
0.602	0.0947	0.6822	0.0964	0.5453	0.6585	0.7388	0.5336	0.5924
0.0965	0.0898	0.7139	0.5307	0.5368	0.6835	0.7209	0.5975	0.615
0.092	0.4029	0.6484	0.0987	0.5052	0.6547	0.7482	0.1002	0.0979
0.1006	0.0985	0.7078	0.3932	0.5243	0.6409	0.7457	0.095	0.1076
0.1007	0.1014	0.6982	0.0995	0.5258	0.6843	0.7812	0.0948	0.4467
0.0972	0.0948	0.5746	0.4928	0.5935	0.5596	0.6382	0.6235	0.589
0.517	0.0956	0.5949	0.0916	0.1007	0.5318	0.5967	0.5944	0.0959
0.5062	0.0971	0.6139	0.1029	0.1009	0.5145	0.5893	0.5661	0.091
0.0967	0.0991	0.6025	0.496	0.5736	0.5762	0.5977	0.5498	0.5778
0.5251	0.0933	0.6395	0.103	0.6076	0.5736	0.5947	0.5537	0.572
0.0965	0.4058	0.5772	0.0929	0.1012	0.0982	0.5784	0.5681	0.097
0.0976	0.0948	0.5772	0.3606	0.0967	0.0963	0.5739	0.5948	0.1024
0.0976	0.5561	0.6149	0.1	0.0976	0.532	0.6139	0.578	0.6004
0.095	0.1013	0.6011	0.4842	0.0958	0.5628	0.5759	0.5975	0.5604
0.1014	0.0974	0.615	0.4632	0.0993	0.558	0.5881	0.6049	0.5739
0.0933	0.3871	0.5826	0.0997	0.0971	0.0993	0.0978	0.0996	0.5718
0.1032	0.0981	0.5381	0.09	0.0964	0.0972	0.0977	0.4676	0.5363
0.0936	0.0971	0.1002	0.0932	0.0958	0.0929	0.3874	0.0971	0.0987
0.0963	0.0962	0.0963	0.4002	0.0956	0.0975	0.0975	0.0966	0.0925
0.5331	0.1028	0.5817	0.0954	0.5422	0.5368	0.5896	0.5686	0.5774
0.5333	0.1	0.6195	0.0922	0.5834	0.5546	0.6195	0.5988	0.6092
0.5361	0.0997	0.5962	0.096	0.5826	0.5569	0.6261	0.5743	0.6028
0.0974	0.5193	0.6219	0.0954	0.5632	0.5468	0.5695	0.5924	0.5673
0.5576	0.0961	0.5817	0.0993	0.5414	0.5515	0.6042	0.5623	0.5634
0.0941	0.5262	0.097	0.0945	0.0952	0.1013	0.0977	0.553	0.0983
0.0941	0.5194	0.0972	0.0966	0.0964	0.097	0.1047	0.551	0.0958
0.5592	0.0977	0.55	0.1017	0.5738	0.5462	0.6172	0.559	0.5852
0.0953	0.5455	0.6002	0.0942	0.5766	0.5508	0.5972	0.5907	0.6034
0.098	0.697	0.6973	0.1019	0.0927	0.0957	0.0961	0.0946	0.1038
0.0915	0.0957	0.7545	0.6052	0.7631	0.7026	0.8406	0.7388	0.7594
0.5928	0.0962	0.6267	0.4992	0.56	0.6006	0.5984	0.6261	0.6103
0.0926	0.0955	0.1016	0.0966	0.104	0.3552	0.0949	0.0974	0.0898
0.0947	0.3577	0.1023	0.0978	0.0941	0.1015	0.1023	0.0979	0.0976
0.0963	0.0952	0.098	0.3969	0.0972	0.0989	0.0965	0.0963	0.0972
0.0934	0.0978	0.5965	0.4801	0.5585	0.5245	0.1014	0.6506	0.6006
0.0975	0.0997	0.5683	0.5057	0.0961	0.539	0.5901	0.6049	0.6008
0.1046	0.0947	0.5783	0.4806	0.0943	0.5153	0.6025	0.6194	0.6023
0.0949	0.1003	4.392	0.095	6.7961	3.2298	3.9817	2.5732	4.2042
0.6601	0.6521	0.7218	0.0926	0.6915	0.6442	0.6783	0.6956	0.7136
0.5492	0.0975	2.2275	0.099	3.4926	2.2771	1.5607	2.0997	1.4189
0.1002	0.096	2.2363	0.5881	3.4773	2.2581	1.5473	2.0836	1.4227
0.7073	0.0943	0.7047	0.6319	0.6832	0.6505	0.7151	0.724	0.7241
0.7172	0.0953	0.7387	0.6506	0.7078	0.6723	0.7248	0.7478	0.6977
0.0996	0.0933	0.0973	0.0947	0.3743	0.0973	0.1017	0.0956	0.0967
0.0967	0.0982	0.0985	0.1035	0.091	0.353	0.1001	0.0977	0.0954
0.0931	0.0961	0.1	0.0923	0.0978	0.0918	0.359	0.1004	0.095
0.3843	0.0929	0.0997	0.0909	0.0967	0.097	0.0981	0.0947	0.0965
0.0982	0.0931	0.1005	0.0956	0.0947	0.0936	0.0998	0.4118	0.0986
0.0939	0.1001	0.0907	0.3254	0.0947	0.0943	0.0923	0.0993	0.096
0.0968	0.095	0.0968	0.1008	0.0982	0.3718	0.0958	0.0916	0.096
0.1002	0.095	0.4317	0.0941	0.0972	0.1009	0.0971	0.0961	0.0972
0.0925	0.5506	0.0978	0.0987	0.5616	0.0925	0.0926	0.0896	0.094
0.5425	0.0963	0.1021	0.0873	0.095	0.4924	0.101	0.0968	0.0991
0.6468	0.1032	0.696	0.6816	0.6608	0.7232	0.7036	0.7177	0.7312
0.5618	0.5306	0.1011	0.5671	0.6748	0.6748	0.7613	0.7328	0.7254
0.3629	0.0937	0.5938	0.0963	0.6734	0.6403	0.6886	0.7789	0.7108
0.0942	0.4197	0.6081	0.097	0.6947	0.6462	0.692	0.7913	0.681
0.0977	0.6732	0.7397	0.6386	0.707	0.6969	0.7278	0.7326	0.7183
0.1011	0.0943	0.6823	0.0928	0.0967	0.0981	0.0974	0.1006	0.6609
0.7119	0.0978	5.8056	0.0948	3.6475	2.7911	4.3703	3.8498	2.5163
0.0974	0.098	0.0964	0.0953	0.0972	0.6378	0.0991	0.0984	0.0969
0.6341	0.1004	0.6756	0.5463	0.6637	0.6343	0.7848	0.7009	0.805
0.6811	0.0987	0.6525	0.5268	0.6642	0.5741	0.7685	0.6718	0.7704
0.6776	0.0995	0.6754	0.5236	0.6323	0.6169	0.7505	0.7378	0.7442
0.64	0.0966	0.657	0.4779	0.6719	0.6161	0.731	0.7104	0.745
0.6705	0.1023	0.6748	0.503	0.6579	0.6257	0.7437	0.6928	0.7852
0.1003	0.0928	0.6911	0.3634	0.688	0.6527	0.7032	0.742	0.7216
0.4948	0.0911	0.7014	0.0906	0.676	0.6548	0.6983	0.693	0.7211
0.0958	0.382	0.7296	0.0944	0.6686	0.6795	0.7249	0.6899	0.7563
0.0915	0.0973	0.7218	0.4422	0.6246	0.6663	0.7372	0.6914	0.7271
0.1005	0.1	0.7054	0.622	0.0959	0.6644	0.6734	0.7045	0.6885
0.6905	0.6725	0.7391	0.0905	0.6657	0.7125	0.7539	0.7411	2.1156
0.0998	0.4052	0.1015	0.0957	0.0971	0.1049	0.0912	0.0954	0.099
0.0947	0.1006	0.0944	0.3566	0.0978	0.0976	0.0957	0.0956	0.0927
0.0953	0.0937	0.0963	0.0904	0.3774	0.0982	0.0991	0.0966	0.0969
0.0924	0.0949	0.0956	0.3457	0.099	0.0927	0.0951	0.1036	0.0958
0.3766	0.0939	0.0932	0.0948	0.097	0.0977	0.0989	0.1005	0.0935
0.0959	0.5211	0.6259	0.0946	0.0958	0.0982	0.0978	0.0998	0.0912
0.6521	0.0987	1.722	0.0936	0.0974	0.7059	0.7693	0.7497	0.8969
0.0955	0.0963	0.7831	0.3682	0.1001	0.1002	0.7088	0.6642	0.6807
0.3706	0.0955	0.7609	0.1017	0.0939	0.0965	0.6856	0.6444	0.6943
0.5571	0.0971	0.7343	0.0951	0.6913	0.8972	2.662	0.7363	1.8913
0.0963	0.0978	0.7705	0.5705	0.7006	0.8241	2.6765	0.746	1.8516
0.0983	0.0962	0.5524	0.0962	2.0309	0.1011	0.096	0.0962	2.2103
0.0942	0.0967	0.0969	0.0975	2.0195	0.0944	0.1008	0.4174	2.1833
0.098	0.0999	4.4938	2.4587	2.8468	0.0994	2.9653	3.2464	5.5037
0.0953	0.0956	0.7534	0.1007	0.6635	0.6303	0.0962	0.6792	0.6895
3.5808	0.0912	6.3839	0.0976	4.8336	5.0839	5.5709	4.0403	2.7261
0.0975	0.0926	0.0991	0.0993	0.6268	0.0951	0.0969	0.096	0.3985
0.096	0.0941	0.0998	0.4055	0.6516	0.0892	0.0956	0.0969	0.0955
0.5265	0.0985	0.1043	0.0925	0.6513	0.5694	0.6307	0.5625	0.63
0.6693	0.099	2.9113	0.0991	0.8618	2.7041	3.7906	1.833	1.6209
0.6671	0.0944	2.9198	0.0969	0.8425	2.6664	3.7881	1.8345	1.6015
0.099	0.0963	0.4217	0.0917	0.0861	0.0947	0.101	0.0968	0.0978
0.0934	0.0974	0.0937	0.3389	0.096	0.0938	0.101	0.0974	0.0904
0.1034	0.1021	0.1033	0.0936	0.562	0.5238	0.6273	0.6014	0.0914
0.0985	0.0977	0.0961	0.0961	0.5685	0.5266	0.0944	0.0992	0.5717
0.0973	0.0958	0.7478	0.0947	0.6973	0.6553	0.7241	0.7237	0.6734
0.0952	0.0918	0.64	0.6627	0.7274	0.6663	0.6985	0.0992	0.0935
0.5346	0.506	0.0969	0.6818	0.7858	0.6852	0.6913	0.679	0.5558
0.5394	0.5384	0.0966	0.6611	0.8058	0.7004	0.7052	0.7138	0.5955
0.5348	0.5025	0.0969	0.6954	0.77	0.6887	0.7061	0.6921	0.5971
0.096	0.0962	4.1206	0.3889	3.5376	2.8634	2.6643	2.5491	2.4378
0.1005	0.4989	4.1388	0.0958	3.576	2.9118	2.6727	2.6068	2.4519
0.0942	0.1049	0.7594	0.6414	0.7087	0.7119	0.735	0.7742	0.7388
0.0964	0.7259	0.6682	0.09	0.7283	0.7312	0.6594	0.6993	0.7223
0.3842	0.0976	0.7432	0.0962	0.1023	0.0965	0.6915	0.0887	0.0975
0.0967	0.098	0.761	0.0985	0.3827	0.0987	0.6714	0.0949	0.0969
0.0909	0.099	0.6889	0.0976	0.1007	0.0957	0.0986	0.0992	0.0974
0.0961	0.0979	0.7422	0.101	0.6273	0.0961	0.6948	0.6962	0.0985
0.0983	0.1007	0.0982	0.0989	0.0996	0.0929	0.0947	0.3696	0.1046
0.097	0.0929	0.0923	0.0919	0.3801	0.0953	0.099	0.094	0.0976
0.3834	0.0994	0.1027	0.0947	0.0987	0.0979	0.0956	0.1005	0.0909
0.102	0.0974	7.585	3.5704	2.4661	4.1312	3.4634	4.6247	3.9928
0.0952	0.1008	0.0989	0.5985	0.0967	0.6482	0.6459	0.7111	0.636
0.0949	0.7154	0.7473	0.098	0.1038	0.671	0.7017	0.6498	0.733
0.093	0.1013	0.096	0.0942	0.0933	0.0918	0.0968	0.6771	0.0983
0.0966	0.0935	0.0988	0.0987	0.1042	0.1032	0.0918	0.6662	0.0995
0.0951	0.5304	0.1011	0.0957	0.0987	0.0925	0.0895	0.0955	0.0986
0.413	0.0975	0.1002	0.0956	0.0955	0.0939	0.0967	0.0939	0.1003
0.0922	0.0961	0.104	0.0962	0.1006	0.0963	0.1013	0.0981	0.3864
0.099	0.1012	0.1022	0.0996	0.0988	0.0971	0.0935	0.3929	0.1022
0.0974	0.6864	0.7608	0.1015	0.73	0.6735	0.7661	0.6784	0.7583
0.0936	0.6726	0.7507	0.0919	0.7403	0.6418	0.7125	0.6281	0.73
0.6075	0.0947	0.7224	0.0944	0.7087	0.0959	0.1003	0.0986	0.6754
0.667	0.7	0.7897	0.0956	0.6724	0.6585	0.7055	0.6865	0.715
0.3892	0.6891	0.6878	0.0949	0.7184	0.687	0.6686	0.7176	0.7077
0.0986	0.7151	0.6527	0.4231	0.7076	0.6966	0.6878	0.7203	0.7232
0.0956	0.0946	0.8232	0.0964	0.6847	0.6471	0.6956	0.7228	0.6865
0.0967	0.1047	3.7055	0.104	0.4242	2.3495	2.1519	3.362	3.6696
0.0985	0.0973	3.7058	0.437	0.0938	2.3732	2.1829	3.3613	3.7031
0.7469	0.0945	3.76	0.0934	0.6916	2.2054	2.1614	3.2534	3.7822
0.0986	0.6931	0.6759	0.0998	0.6838	0.6954	0.6565	0.7237	0.6948
2.1389	0.1021	0.0947	0.0984	0.094	0.1001	0.1006	0.102	4.698
0.0956	0.0966	0.8319	0.6243	0.6928	0.6801	0.7304	0.7232	0.7323
0.0964	0.6843	0.7819	0.6617	0.7271	1.3309	0.7744	0.7225	1.9499
0.6154	3.4125	6.2521	0.1012	2.2274	4.7845	6.9344	3.059	6.3573
0.093	3.4966	6.1904	0.0951	2.1901	4.7118	6.9063	3.0509	6.3184
0.0948	0.6354	0.85	0.0991	0.0954	0.0998	0.0939	0.6903	0.7342
0.6316	0.0999	0.7407	0.1038	0.713	0.0999	0.6818	0.7243	0.6859
0.3914	0.0984	0.101	0.0953	0.0945	0.0958	0.0984	0.0967	0.0957
0.0986	0.3983	0.0943	0.0969	0.0983	0.0945	0.1026	0.0963	0.0998
0.0993	0.0931	0.1012	0.0981	0.0971	0.0957	0.3903	0.0995	0.0921
0.1	0.0908	0.0996	0.0946	0.5335	0.4965	0.1	0.0935	0.093
0.0975	0.0934	0.0994	0.0907	0.0974	0.1002	0.505	0.0907	0.0929
0.0936	0.5162	0.5912	0.0976	0.0927	0.5555	0.5648	0.5578	0.099
0.1011	0.0954	0.5004	0.0965	0.5461	0.5282	0.0966	0.0963	0.0941
0.0963	0.0977	0.1009	0.0967	0.545	0.5054	0.3996	0.0958	0.105
0.0944	0.1	0.0951	0.0976	0.4815	0.5893	0.6958	0.7529	0.0985
0.3891	0.0914	0.1015	0.09	0.0973	0.5868	0.6902	0.7499	0.0971
0.6325	0.0935	0.553	0.5438	0.6801	0.5644	0.7611	0.5586	0.667
0.6031	0.0969	0.5892	0.4878	0.6753	0.5617	0.7577	0.5769	0.6625
0.0963	0.0996	0.1008	0.1	0.6906	0.0964	0.6874	0.4109	0.6153
0.1005	0.4568	0.0978	0.0965	0.6782	0.0983	0.6826	0.098	0.6139
0.0988	1.6606	3.4843	0.0963	0.0988	3.0978	4.2064	4.5285	6.3845
0.6056	1.6154	3.5722	0.0923	0.6516	3.0942	4.2132	4.4887	6.4282
0.0923	0.0865	0.4152	0.1001	0.6606	0.0989	0.0973	0.6674	1.968
0.0991	0.0968	0.0923	0.0908	0.6817	0.0932	0.4111	0.6767	1.9473
0.5465	0.1008	0.617	0.0967	0.7303	0.6266	0.581	0.7003	1.9834
0.093	0.0947	2.5005	0.3923	0.0979	3.2639	6.0253	1.8565	3.9743
0.0991	0.0942	2.5342	0.0935	0.4872	3.2236	5.9815	1.8118	3.985
0.5284	0.0916	0.7002	0.4798	0.578	0.7013	0.6403	0.7641	0.7578
0.5275	0.0963	0.6989	0.4912	0.6089	0.711	0.662	0.8149	0.7598
0.3827	0.0961	0.6842	0.1006	0.6257	0.7263	0.7214	0.746	0.7041
0.0984	0.105	0.6711	0.3713	0.6149	0.7058	0.7529	0.7474	0.6987
0.0959	0.4741	0.701	0.0954	0.0943	0.694	0.7349	0.7525	0.7706
0.3929	0.0989	0.6793	0.1007	0.1034	0.7039	0.769	0.749	0.775
0.6363	0.6433	0.7014	0.6612	0.6393	0.653	0.7039	0.7543	0.0962
0.6293	0.651	0.6919	0.6671	0.65	0.6413	0.7042	0.8049	0.0933
0.6619	0.6784	0.7637	0.0954	0.6885	0.697	0.7646	0.7602	0.7255
0.095	0.0962	0.0978	0.5907	0.716	0.0989	0.6016	0.0949	0.0968
0.0961	0.0973	0.7504	0.4402	0.7465	0.714	0.7647	0.7851	0.7145
0.3951	0.0975	0.737	0.1042	0.7213	0.6763	0.8192	0.7716	0.7366
0.5174	0.0976	0.7117	0.0954	0.0929	0.1025	0.0956	0.0986	0.0927
0.0924	0.5577	0.7166	0.5466	0.5668	0.5814	0.6224	0.6156	0.5935
0.0973	0.5719	0.7354	0.0945	0.6067	0.583	0.5739	0.5625	0.6027
0.0942	0.4134	0.7417	0.098	0.1004	0.5557	0.567	0.5541	0.5543
0.1033	0.0976	0.7002	0.3859	0.0951	0.5516	0.5723	0.5523	0.5723
0.6893	0.0991	0.7419	0.6189	0.6831	0.7286	0.747	0.7358	0.6917
0.665	0.5484	0.7222	0.6746	0.094	0.6546	0.7695	0.7274	0.6728
0.6619	0.5648	0.7327	0.6663	0.0944	0.6751	0.7325	0.7131	0.6981
0.6486	0.0971	0.7371	0.6619	0.6161	0.6562	0.6999	0.714	0.7116
0.096	0.0992	0.5298	0.09	0.1092	0.0933	0.5608	0.6628	0.5582
0.1019	0.0998	0.0935	0.098	0.099	0.405	0.5774	0.6457	0.5871
0.5079	0.0994	0.0914	0.1012	0.0971	0.0993	0.0965	0.655	0.1013
0.0961	0.6675	0.6832	0.6172	0.7338	0.6577	0.711	0.7623	0.7224
0.5677	0.0983	0.5852	0.4766	0.5775	0.5505	0.6858	0.6119	0.5975
0.0941	0.0984	0.0942	0.0886	0.0944	0.1032	0.0949	0.0964	0.4394
0.0959	0.3804	0.1002	0.0945	0.0947	0.0967	0.1036	0.0928	0.1014
0.0943	0.0975	0.1011	0.0917	0.0976	0.0936	0.3775	0.0929	0.0985
0.5242	0.099	0.5663	0.0992	0.5283	0.5876	0.6476	0.6015	0.6399
0.0969	0.5443	0.6117	0.1025	0.5458	0.582	0.6182	0.5523	0.5868
0.098	0.5206	0.6255	0.0997	0.5745	0.5733	0.662	0.5327	0.5662
0.1016	0.0952	8.226	3.7248	0.0984	0.1029	0.0981	0.1016	0.0959
0.5291	0.0951	0.5901	0.4948	0.0988	0.5962	0.59	0.5613	0.5532
0.0922	0.1006	0.099	0.3335	0.0918	0.0943	0.097	0.0988	0.0973
0.0939	0.0988	0.0962	0.1013	0.3694	0.096	0.0957	0.0958	0.103
0.0981	0.3982	0.6122	0.096	0.5903	0.5517	0.5775	0.5544	0.5962
0.3936	0.1021	0.6036	0.1008	0.6145	0.567	0.5824	0.5668	0.5665
0.0976	0.093	0.6405	0.4269	0.6346	0.5171	0.6053	0.5871	0.5523
0.5375	0.5409	0.6198	0.0985	0.6282	0.5663	0.563	0.6044	0.5911
0.0956	0.1021	0.5795	0.095	0.5887	0.5342	0.5694	0.5461	0.592
0.6665	0.0979	0.7342	0.0967	0.6682	0.6622	0.714	0.7117	0.7395
0.3969	0.0966	0.7499	0.0992	0.6899	0.6601	0.7484	0.7181	0.7607
0.0977	0.0946	0.7182	0.4526	0.6861	0.6147	0.7397	0.7052	0.7117
0.6665	0.0905	0.6899	0.6498	0.6817	0.6355	0.7127	0.7495	0.7364
0.0953	0.0992	0.7126	0.0959	0.0984	0.0959	0.098	0.0917	0.0947
0.0952	0.0982	0.7793	0.0926	0.6806	0.6791	0.6913	0.1013	0.7843
0.0995	0.1021	0.0973	0.3549	0.0964	0.5841	0.5922	0.5652	0.5098
0.4486	0.1023	0.0952	0.0948	0.0964	0.5692	0.5599	0.5531	0.52
0.0977	0.1027	0.1018	0.1002	0.4076	0.5623	0.5918	0.5855	0.5292
0.3905	0.0988	0.0985	0.0918	0.0966	0.1039	0.0966	0.0994	0.0998
0.0958	0.1016	0.0976	0.0947	0.0924	0.4347	0.0967	0.1001	0.0961
0.5449	0.0943	0.1015	0.0978	0.5773	0.1008	0.0961	0.1019	0.5167
0.0947	0.0902	0.4154	0.0942	0.0966	0.5855	0.5451	0.5264	0.6105
0.3658	0.0972	0.0973	0.0945	0.0951	0.5652	0.5643	0.5384	0.5826
0.0956	0.0971	0.4387	0.0979	0.1024	0.582	0.607	0.5187	0.6173
0.0988	0.0993	0.0992	0.0938	0.0927	0.0945	0.0932	0.0994	0.3701
0.0975	0.0989	0.4281	0.1003	0.0951	0.0956	0.1019	0.1015	0.0948
0.0991	0.0968	0.4362	0.099	0.0982	0.0996	0.1008	0.0968	0.0959
0.0944	0.3792	0.0995	0.0998	0.0916	0.092	0.0924	0.0996	0.0957
0.0981	0.0971	0.4122	0.0934	0.0955	0.0947	0.0997	0.0916	0.092
0.0951	0.0935	0.0997	0.0974	0.0924	0.0939	0.3875	0.1002	0.0974
0.5306	0.5776	0.5823	0.0976	0.5713	0.5898	0.5996	0.5368	0.6
0.5524	0.0979	0.6113	0.0983	0.5479	0.5617	0.5985	0.5482	0.5645
0.1034	0.0949	0.7116	0.596	0.6707	0.092	0.1005	0.1045	0.0967
0.102	0.0974	1.4726	0.6579	0.1015	3.5841	2.602	4.6808	0.804
0.0974	0.1005	0.0972	0.0992	0.0963	0.0916	0.4624	0.0997	0.0965
0.1003	0.374	0.095	0.0974	0.0969	0.0969	0.0954	0.0907	0.0907
0.0966	0.0955	0.4165	0.0949	0.0959	0.0982	0.0967	0.0953	0.0975
0.098	0.1011	0.0964	0.0952	0.0951	0.097	0.4333	0.099	0.0993
0.0894	0.3984	0.0985	0.0948	0.1025	0.0995	0.0982	0.1008	0.0909
0.0902	0.0949	0.0952	0.0958	0.0995	0.0967	0.4436	0.0996	0.0965
0.0957	0.0955	0.0973	0.0946	0.5558	0.1012	0.5859	0.0936	0.1002
0.0941	0.5696	0.5537	0.0956	0.5484	0.5857	0.6283	0.5461	0.6096
0.5457	0.0991	0.0966	0.0945	0.0902	0.0987	0.0945	0.1031	0.0927
0.7034	0.0919	0.7119	0.3864	0.0966	0.6446	0.0954	0.1012	2.1256
0.6697	0.388	0.7133	0.0958	0.0963	0.6527	0.0977	0.0931	2.0702
0.635	0.699	0.7122	0.0982	0.6574	0.6956	0.726	0.742	0.705
0.0988	0.0964	0.6995	0.357	0.5566	0.0964	0.095	0.0922	0.0966
0.1012	0.0974	0.7118	0.1009	0.5477	0.4575	0.099	0.1031	0.0981
0.0944	0.0974	0.7458	0.0951	0.0971	0.09	0.0946	0.5926	0.0948
0.5974	0.105	0.7177	0.0924	0.5551	0.5686	0.5947	0.5572	0.5996
0.0966	0.0956	0.7418	0.5973	0.0964	0.6625	0.6806	0.7218	0.734
0.0954	0.1006	0.7168	0.3692	0.6584	0.584	0.7172	0.7879	0.0972
0.3972	0.1023	0.7095	0.0952	0.6254	0.6259	0.7304	0.7739	0.1039
0.0956	0.0917	0.7395	0.5955	0.0966	0.6418	0.7055	0.7131	0.6795
0.0965	0.6818	0.6864	0.101	0.0949	0.6344	0.7351	0.691	0.6845
0.095	0.689	0.097	0.0982	0.7092	0.0941	0.0937	0.7029	0.7004
0.6442	0.0925	0.7	0.6085	0.7277	0.6739	0.7434	0.7888	0.7321
0.4944	0.0949	2.9902	0.0954	2.1405	2.7858	1.3324	3.175	2.0014
0.4862	0.0919	2.9582	0.1003	2.1355	2.8226	1.3772	3.1721	1.9664
0.4825	0.1017	2.9903	0.1016	2.1416	2.8035	1.3481	3.1917	1.9568
0.1005	0.4182	2.94	0.0967	2.139	2.8262	1.3548	3.1898	2.0121
0.5677	0.0953	3.0855	0.6031	2.0617	2.7847	1.448	3.1386	1.9728
0.5741	0.0928	3.0617	0.5913	2.0286	2.8066	1.494	3.1168	1.9431
0.0981	0.0951	0.723	0.6522	0.6672	0.5984	0.691	0.7213	0.7355
0.0998	0.1028	0.7359	0.1008	0.7156	0.6965	0.6342	0.7153	0.7437
0.1044	7.9159	2.8939	0.0993	8.4448	5.3898	5.9354	6.9483	4.5741
0.5975	0.1019	0.0957	0.0951	0.0969	0.0967	0.0922	0.0991	0.7054
0.0989	0.1053	0.7645	0.5859	0.7039	0.6955	0.7455	0.7716	0.7687
0.5555	0.5825	0.7889	0.0981	0.7671	0.6933	0.7404	0.7284	0.7666
0.5642	0.1023	1.3629	0.521	0.7633	3.6443	2.549	4.5883	0.6098
0.568	0.611	1.3607	0.1023	0.7676	3.6858	2.5938	4.6364	0.6405
0.103	0.0976	1.3488	0.5386	0.7577	3.6372	2.6148	4.66	0.0997
0.0974	0.0942	0.7256	0.0886	0.102	0.0952	0.1007	0.0988	0.1044
0.0993	0.5751	0.7266	0.0963	0.0965	0.0996	0.0929	0.0949	0.5645
0.0962	0.0951	0.7342	0.0961	0.6775	0.0959	0.6435	0.0937	0.0972
0.1017	0.1	0.5501	0.0995	0.5268	0.5906	0.587	0.5863	0.5839
0.0968	0.0932	0.589	0.0941	0.092	0.099	0.1051	0.0996	0.364
0.0942	0.0905	0.5752	0.095	0.4008	0.0939	0.0979	0.0997	0.0942
0.5245	0.0998	0.0999	0.0944	0.0965	0.0958	0.0951	0.0927	0.0981
0.6318	0.1033	0.6212	0.0953	0.6929	0.0972	0.0937	0.0943	0.0966
0.687	0.0969	0.7109	0.6457	0.6681	0.6751	0.7006	0.7041	0.6916
0.0945	0.0924	0.1057	0.0975	0.0968	0.1025	0.0978	0.4037	0.0995
0.0941	0.0963	0.1	0.1016	0.0931	0.098	0.0955	0.0977	0.3847
0.0965	0.6013	0.0957	0.0998	0.0988	0.1004	0.7189	0.096	0.0995
0.097	0.6487	0.0989	0.1022	0.0985	0.631	0.7112	0.7195	0.6735
0.384	0.0938	0.6938	0.0999	0.1011	0.6733	0.7373	0.6646	0.6946
0.0975	0.3734	0.6976	0.1029	0.0988	0.6851	0.7327	0.6965	0.7062
0.674	0.6584	0.6887	0.1011	0.6846	0.662	0.6722	0.7116	0.7181
0.6894	0.6777	0.7116	0.0953	0.6808	0.6712	0.6955	0.701	0.7112
0.0989	0.0924	0.0934	0.3633	0.099	0.092	0.1007	0.0927	0.0954
0.0976	0.0956	0.0959	0.1013	0.3797	0.0942	0.0937	0.0997	0.0981
0.6347	0.0992	0.6417	0.3652	0.098	0.6535	0.7633	0.6935	0.7023
0.654	0.0933	0.6434	0.0976	0.507	0.6508	0.7515	0.6748	0.6892
0.0938	0.0973	0.6469	0.5622	0.1039	0.097	0.1003	0.0982	0.0966
0.0955	0.0951	0.685	0.5941	0.0976	0.0999	0.0975	0.1032	0.0948
0.5183	0.5396	0.7493	0.0944	0.681	0.7342	0.7001	0.723	0.6908
0.0998	0.0958	0.762	0.5424	0.6365	0.6897	0.7407	0.7406	0.7151
0.5893	3.0273	5.0785	0.1011	4.385	2.7217	2.8232	3.733	2.978
0.0915	3.0823	5.1281	0.0996	4.3409	2.6719	2.7682	3.7628	2.9734
0.1003	0.5442	0.5703	0.0977	0.6467	0.0971	0.6411	0.5913	0.0995
0.0983	0.0935	0.4155	0.0934	0.092	0.0965	0.0916	0.0965	0.0952
0.0979	0.0919	0.096	0.0941	0.0982	0.3633	0.0952	0.0933	0.0999
0.0907	0.0956	0.4398	0.0956	0.1006	0.0962	0.1011	0.0962	0.0997
0.1003	0.0999	0.0997	0.0936	0.0949	0.3799	0.0943	0.0967	0.0953
0.3717	0.1063	0.1022	0.099	0.0975	0.0943	0.0977	0.0964	0.1004
0.0968	0.0964	5.011	4.1307	0.0962	3.5486	8.126	2.2483	5.6284
0.6392	0.7081	0.6812	0.0973	0.6928	0.6901	0.7134	0.6792	0.7118
0.6622	0.0904	0.7266	0.6446	0.6591	0.7199	0.7038	0.7296	0.7633
0.6822	0.0942	0.0986	0.0965	0.6596	0.6818	0.713	0.7238	0.7289
0.0937	0.6197	0.6142	0.0989	0.0965	0.0925	0.1008	0.1017	0.0955
0.516	0.1018	0.0967	0.0958	0.0937	0.0926	0.096	0.0972	0.0968
0.0948	0.1031	0.5902	0.0918	0.0885	0.5967	0.5889	0.5497	0.6136
0.0965	0.0977	0.0887	0.1039	0.0962	0.5728	0.0976	0.0978	0.099
0.096	0.0994	0.5621	0.1003	0.5846	0.0992	0.0934	0.0956	0.6209
0.5986	0.7402	1.7636	0.0934	0.6859	0.7108	0.7274	2.9427	0.7472
0.0978	0.0982	0.0981	0.3412	0.0932	0.098	0.092	0.0944	0.0942
0.0948	0.3607	0.0995	0.0914	0.0961	0.0861	0.0898	0.0934	0.0974
0.3836	0.0942	0.0996	0.0943	0.1	0.0955	0.0979	0.1071	0.0908
0.0955	0.0943	0.0948	0.0937	0.3618	0.0919	0.0943	0.0969	0.0958
0.3626	0.0985	0.0932	0.0921	0.1004	0.095	0.0988	0.1045	0.0917
0.0954	0.0955	0.0997	0.0938	0.0949	0.1055	0.3641	0.1023	0.1067
0.6157	0.0976	0.0944	0.1045	0.0928	0.0981	0.0966	0.0948	0.6481
0.0987	0.0914	0.7992	0.6007	0.6633	0.6678	0.7476	0.7033	0.6779
0.0951	0.097	0.5771	0.0976	0.0982	0.0912	0.0933	0.0967	0.6333
0.095	0.0987	0.0947	0.0963	0.099	0.555	0.0976	0.0903	0.7087
0.0957	0.0999	1.7316	0.5005	0.5591	0.5395	0.6617	2.8967	0.599
0.1023	0.5387	1.8056	0.103	0.0901	0.0987	0.0952	2.8905	0.0965
0.0952	0.0993	0.1021	0.4951	0.5679	0.5941	0.0958	0.0955	0.6033
0.0944	0.5584	0.5981	0.0967	0.5445	0.628	0.5685	0.56	0.6144
0.0965	0.4755	0.092	0.0945	0.0992	0.0966	0.0954	0.0945	0.0998
0.3692	0.0927	0.0935	0.0929	0.0934	0.097	0.0955	0.0971	0.1025
0.5745	0.0966	0.631	0.0963	0.5457	0.6108	0.6077	0.5528	0.6053
0.0992	0.0925	0.5935	0.0937	0.5593	0.0963	0.5285	0.0986	0.5726
0.1046	0.6929	0.6915	0.0997	0.6629	0.6453	0.7566	0.7312	0.6696
0.0975	0.0941	0.1008	0.0964	0.097	0.096	0.6233	0.0972	0.1016
0.0943	0.1008	0.0969	0.1015	0.0904	0.1004	0.6296	0.0976	0.0929
0.0963	0.4758	0.8546	0.0995	0.6897	0.6892	0.6857	0.7297	0.7268
0.0966	0.4667	0.8812	0.0977	0.6922	0.6578	0.6883	0.7096	0.6982
0.096	0.1041	0.8864	0.3449	0.6479	0.7028	0.6777	0.7776	0.7452
0.5753	0.0962	0.8562	0.0938	0.7134	0.661	0.7129	0.7411	0.7392
0.1007	0.7333	0.8232	0.1021	0.0958	0.658	0.6879	0.7593	0.8239
0.6105	0.7294	0.7714	0.0925	0.5884	0.6824	0.7313	0.7275	0.7639
0.0937	0.0898	0.0949	0.0991	0.1034	0.0913	0.6305	0.0981	0.0948
0.1014	0.6015	0.6	0.0958	0.5837	0.544	0.6942	0.5485	0.6009
0.0965	0.0955	0.7819	0.0982	0.6942	0.6721	0.7339	0.7226	0.7023
0.1022	0.093	0.097	0.0959	0.1007	0.0978	0.1006	0.6309	0.0892
0.0918	0.0944	0.0913	0.0948	0.095	0.0941	0.095	0.5936	0.0982
0.0979	0.0987	4.4847	4.48	9.7022	4.055	3.8975	7.4754	6.0541
0.0928	0.1032	0.0909	0.0964	0.5515	0.5251	0.0974	0.0884	0.1009
0.0999	0.0998	0.5788	0.0938	0.0948	0.0958	0.1008	0.1007	0.0988
0.6684	0.1021	0.7091	0.0961	0.1004	0.6691	0.7719	0.7288	0.6872
0.0961	0.0959	0.7372	0.0944	0.0974	0.6228	0.1003	0.0979	0.0983
0.5196	0.1054	1.323	0.0975	0.5739	0.5956	0.5761	2.3631	0.6705
0.0956	0.1061	1.3083	0.3491	0.0965	0.5493	0.5664	2.3028	0.0975
0.0982	0.4007	1.3211	0.0916	0.1038	0.5564	0.5754	2.3062	0.0966
0.096	0.096	1.3033	0.0953	0.0962	0.5667	0.5477	2.3073	0.483
0.0951	0.5773	1.352	0.0965	0.0958	0.5547	0.618	2.3684	0.6035
0.5276	0.0994	1.3294	0.0993	0.4989	0.0916	0.1018	2.3426	0.0979
0.3909	0.0964	0.5634	0.0956	0.569	0.5781	0.6149	0.5913	0.6777
0.0998	0.4915	0.6109	0.1006	0.5824	0.5751	0.6235	0.5872	0.6838
0.0939	0.0936	0.5779	0.5267	0.0953	0.5286	0.6125	0.6278	0.7015
0.376	0.0947	0.0963	0.0989	0.1046	0.0915	0.0957	0.0942	0.6882
0.0904	0.391	0.0959	0.0959	0.0961	0.0934	0.0944	0.093	0.6687
0.1001	0.1003	0.096	0.0985	0.3918	0.0936	0.1008	0.0995	0.0968
0.103	0.099	0.0942	0.0993	0.099	0.1009	0.0956	0.0978	0.3969
0.7373	5.7595	2.7639	0.5736	0.1035	3.8361	3.0274	2.8816	4.307
0.0965	5.8062	2.8309	0.1003	0.6747	3.8081	3.1515	2.78	4.3552
0.0935	0.0948	0.7187	0.5976	0.673	0.7186	0.7641	0.7047	0.7248
0.0987	0.101	0.1007	0.0959	0.1038	0.0959	0.3821	0.0912	0.1022
0.0914	0.0998	0.3817	0.0989	0.0985	0.0946	0.0984	0.0964	0.094
0.0964	0.0959	0.0946	0.0979	0.094	0.0952	0.0925	0.0938	0.3649
0.096	0.0996	0.0959	0.0995	0.0992	0.101	0.3958	0.0966	0.0924
0.0935	0.1053	0.0933	0.0984	0.0912	0.0998	0.5899	0.0972	0.0943
0.5277	0.095	0.6302	0.5013	0.7291	0.6276	0.5784	0.706	0.707
0.0963	0.0949	0.4206	0.0912	0.6167	0.5576	0.0948	0.6753	0.6803
0.1006	0.099	0.0948	0.3584	0.6646	0.5838	0.0997	0.6754	0.7076
0.4959	0.0962	0.0976	0.0872	0.6897	0.1007	0.0942	0.6721	0.6904
0.6915	0.0974	1.5086	0.0997	0.1087	1.6306	2.339	3.2157	2.8945
0.604	0.3878	0.7799	0.6646	0.0957	0.6699	0.7277	0.7101	0.7059
0.6136	0.0955	0.7489	0.6458	0.5154	0.6704	0.72	0.7176	0.6831
0.6412	0.0952	0.7786	0.0984	0.7447	1.3206	0.6981	0.7604	2.1041
0.6457	0.6758	0.7197	0.6173	0.1011	0.7431	0.7814	0.7573	0.7183
0.6343	0.6807	0.7415	0.6387	0.0924	0.7638	0.7941	0.7439	0.7203
0.5484	0.0986	0.7451	0.522	0.693	0.7504	0.6603	0.7332	0.7085
0.5415	0.097	0.7614	0.5496	0.6462	0.7551	0.64	0.7773	0.69
0.0942	0.098	0.7681	0.3609	0.7	0.7224	0.6905	0.718	0.6925
0.0974	0.4268	0.7541	0.0997	0.6928	0.7813	0.7063	0.6907	0.7081
0.4033	0.0973	0.7921	0.0994	0.7102	0.7846	0.7131	0.6947	0.7177
0.0944	0.4039	0.764	0.0982	0.7117	0.7667	0.727	0.6637	0.7186
0.1002	0.1002	0.5966	0.5166	0.0981	0.5357	0.5734	0.5945	0.5799
0.0987	0.0958	0.0966	0.0926	0.0972	0.3484	0.0946	0.0967	0.0982
0.0935	0.0959	0.0973	0.0927	0.0989	0.094	0.3757	0.0953	0.0939
0.0966	0.0986	0.0968	0.1005	0.1002	0.095	0.0937	0.3694	0.0996
0.0894	0.0963	0.0967	0.0946	0.0943	0.0954	0.0982	0.3862	0.1
0.0989	0.0966	0.1023	0.0954	0.0968	0.0959	0.3575	0.1001	0.0886
0.0985	0.0928	0.4118	0.0937	0.0928	0.0917	0.0932	0.0901	0.0975
0.0961	0.101	0.0979	0.3899	0.0943	0.0977	0.1011	0.0949	0.0967
0.3858	0.097	0.5634	0.0934	0.0996	0.5201	0.0906	0.5587	0.0914
0.097	0.0952	0.5798	0.0991	0.097	0.5345	0.0985	0.5179	0.4833
0.6691	0.7041	0.765	0.6192	0.1001	0.6957	0.6665	0.6992	0.7199
0.6984	0.0981	0.8351	0.0989	2.0972	0.7065	0.7662	1.9383	1.9724
0.6584	0.0959	0.0964	0.0991	0.0966	0.097	0.0987	0.0943	0.1021
0.0907	0.1006	0.7712	0.5893	0.6791	0.6946	0.7649	0.6581	0.6306
0.5655	0.097	0.7646	0.5248	0.6729	0.6571	0.7906	0.7706	0.719
0.0966	0.5769	0.7933	0.098	0.6785	0.697	0.7006	0.7159	0.6852
0.6209	0.6732	0.7619	0.0901	0.6466	0.6575	0.7491	0.7766	0.6992
0.0919	0.0994	0.7511	0.5799	0.642	0.7298	0.675	0.7061	0.739
0.0969	0.1012	0.0996	0.0985	0.0991	0.0964	0.0988	0.6439	0.3972
0.0961	0.463	0.0955	0.1007	0.0999	0.0971	0.0947	0.6326	0.1001
0.0978	0.0928	0.094	0.0909	0.1009	0.0965	0.6884	0.098	0.094
0.6962	0.0942	0.7224	0.611	0.6712	0.6604	0.7448	0.688	0.7339
0.6111	0.6483	0.7582	0.5749	0.0962	0.708	0.6994	0.7154	0.6333
0.098	0.1005	1.6885	0.6259	0.6637	0.0935	0.7345	0.7874	0.7792
0.0931	0.0979	0.0948	0.0946	0.1006	2.563	0.0927	0.0993	3.4138
0.6651	0.7106	0.6882	0.0979	0.6928	0.6598	0.6959	0.7088	0.6932
0.0991	0.6787	0.7957	0.1036	0.6301	0.1007	0.7028	0.6701	0.6883
0.1	0.0968	0.706	0.0973	0.6576	0.6485	0.7488	0.728	0.1023
0.0944	0.6052	0.5866	0.4866	0.5887	0.5629	0.5732	0.5578	0.7537
0.0965	0.1021	0.5747	0.5248	0.5251	0.5823	0.5929	0.6117	0.708
0.5422	0.6001	0.5924	0.5273	0.0945	0.5423	0.5814	0.6108	0.7429
0.5527	0.6087	0.5872	0.5292	0.0961	0.5581	0.5844	0.6064	0.746
0.5491	0.1001	0.548	0.0934	0.5764	0.0978	0.5806	0.5808	0.6623
0.1007	0.0985	0.3992	0.0992	0.0974	0.0975	0.0949	0.0938	0.6588
0.4036	0.0946	0.0978	0.0943	0.0949	0.1034	0.093	0.1005	0.6196
0.0951	0.0919	0.6924	0.5756	0.6694	0.6671	0.7229	0.7486	0.7353
0.0953	0.1006	0.6892	0.6104	0.7033	0.6989	0.7316	0.6796	0.7124
0.095	0.6493	0.6716	0.0968	0.6486	0.7074	0.7585	0.7184	0.6873
0.0995	0.0918	4.0064	0.4653	0.095	4.2748	6.5736	2.7665	6.743
0.0962	0.4407	3.9735	0.1019	0.0997	4.2576	6.5846	2.779	6.7556
0.6234	0.0964	0.7293	0.0943	0.6402	0.7415	0.7475	0.6818	0.7357
0.0965	0.0965	0.0935	0.0972	0.0928	0.0976	0.0933	0.6559	0.6149
6.0975	0.0977	4.3369	0.093	4.4087	3.5203	3.3246	3.9355	1.7175
0.097	0.096	0.7277	0.6142	0.0935	0.7067	0.7207	0.7177	0.7546
0.1012	0.0959	0.568	0.0984	0.5591	0.5681	0.5868	0.5774	0.5811
0.0983	0.0942	0.5801	0.1	0.5683	0.5935	0.558	0.5621	0.5868
0.0991	0.0965	0.5873	0.099	0.0967	0.5943	0.0981	0.0974	0.0917
0.6057	0.5648	0.6038	0.5304	0.1021	0.6139	0.5576	0.5893	0.5768
0.0957	0.4256	0.5919	0.0893	0.5895	0.6043	0.5428	0.5835	0.6129
0.1055	0.1007	0.6043	0.4355	0.5947	0.6273	0.5822	0.5508	0.5754
0.0958	0.5654	0.5924	0.4851	0.5843	0.6609	0.6146	0.6136	0.5904
0.1017	0.0932	0.0996	0.0928	0.098	0.5742	0.5658	0.0964	0.0938
0.6822	0.0959	0.6809	0.0946	0.7017	0.684	0.7543	0.6705	0.7177
0.6203	0.0978	0.6949	0.5969	0.0976	0.7	0.6966	0.72	0.6979
0.6703	0.0963	0.7485	0.0955	0.0969	0.6727	0.7399	0.7413	0.7491
0.1001	0.0968	0.0958	0.0907	0.1017	0.0932	0.099	0.6848	0.0991
0.6347	0.099	0.6748	0.6097	0.7088	0.6743	0.6967	0.7244	0.6644
0.1023	0.0969	0.091	0.1002	0.0966	0.6432	0.0934	0.1037	0.7131
0.0979	0.0981	0.1012	0.6037	0.7157	0.6595	0.7346	0.7284	0.6543
0.0963	0.6499	0.6968	0.1001	0.6901	0.7462	0.7377	0.7012	0.6934
0.6349	0.7016	0.7213	0.1037	0.6325	0.7186	0.7732	0.7323	0.7369
0.0949	0.099	0.7674	0.6236	0.0954	0.7223	0.7196	0.7408	0.7338
0.0954	0.6695	0.7223	0.0976	0.5923	0.6735	0.7136	0.7377	0.8512
0.6413	0.0949	0.6923	0.6409	0.6968	0.7278	0.7348	0.623	0.7153
0.6689	0.1042	0.7723	0.5641	0.6803	0.7206	0.7332	0.0994	0.7381
0.0959	0.0947	0.7478	0.0995	0.0997	0.1007	0.0998	0.6757	0.0955
2.4249	0.0995	5.5695	0.0991	2.8751	2.4621	2.7875	2.7997	8.1919
0.094	0.1028	0.0981	0.0941	0.0906	0.0982	2.5888	0.1003	1.8214
0.1006	0.1009	0.0996	0.0919	0.0996	0.0937	0.0952	0.6553	0.0971
0.0948	3.136	3.993	0.0968	0.0978	5.3714	2.1099	3.5867	3.629
0.1001	0.7351	1.4948	0.6152	0.6678	1.7047	2.2515	3.1164	2.9229
0.0982	0.0936	0.8294	0.6512	0.6676	0.6947	0.7116	0.7729	0.7472
0.0993	0.6516	0.7756	0.099	0.68	0.6342	0.7945	0.6936	0.6945
0.0951	0.0963	0.0967	0.1029	0.0918	0.0976	0.0998	0.1007	0.642
0.0997	0.0987	0.0976	0.0955	0.6847	0.0949	0.0984	0.0946	0.0984
0.0945	0.0934	3.5138	0.5107	1.7249	1.8163	3.7952	2.5864	0.8325
0.099	0.6633	3.6043	0.0972	1.7173	1.8443	3.6363	2.5883	0.851
0.0993	0.0969	0.094	0.1011	0.1015	0.0948	0.0971	0.1007	0.3836
0.0926	0.3586	0.0962	0.0967	0.0942	0.097	0.097	0.0983	0.0997
0.098	0.0946	0.7369	0.094	0.0973	0.0968	0.0961	0.7996	0.1
0.0959	0.1007	0.0987	0.501	0.5586	0.547	0.6209	0.68	0.102
0.0948	0.0935	0.0953	0.0966	0.0972	0.3666	0.0929	0.1027	0.0929
0.3788	0.0922	0.0955	0.0941	0.0952	0.1025	0.0956	0.0958	0.1032
0.1017	0.0925	0.4096	0.0971	0.0994	0.0979	0.0917	0.0976	0.0971
0.0922	0.0949	0.0987	0.0943	0.0976	0.3664	0.0937	0.0935	0.0945
0.0932	0.0947	0.0963	0.3488	0.0926	0.0932	0.0962	0.0973	0.0926
0.0924	0.0965	0.0961	0.0969	0.1031	0.3765	0.1006	0.094	0.0963
0.0975	0.0983	0.6195	0.099	0.5024	0.5526	0.6226	0.6006	0.5794
0.097	0.0984	0.5689	0.3748	0.0972	0.5571	0.5886	0.6215	0.5762
0.0937	0.0986	0.5857	0.0922	0.0921	0.3874	0.0945	0.0981	0.5648
0.0967	0.0934	0.561	0.0903	0.0973	0.4073	0.1023	0.0999	0.5541
0.0962	0.0992	0.5316	0.0919	0.1016	0.3916	0.099	0.0982	0.5298
0.3891	0.0948	0.5626	0.0971	0.0983	0.0963	0.0985	0.096	0.5545
0.096	0.0961	0.097	0.0959	0.0997	0.5424	0.0962	0.6657	0.0972
0.0911	0.0896	0.6127	0.092	0.5503	0.0924	0.5369	0.0903	0.1051
0.0968	0.0939	0.0912	0.4889	0.0968	0.0991	0.1015	0.5389	0.0977
0.0987	0.0988	0.5639	0.4909	0.5174	0.097	0.0951	0.1002	0.563
0.0935	0.0972	0.5764	0.5162	0.5407	0.5216	0.6065	0.5853	0.5988
0.536	0.5562	0.5756	0.095	0.5442	0.5411	0.5951	0.573	0.6092
0.0952	0.5345	0.6228	0.0953	0.5723	0.5456	0.5946	0.6096	0.5664
0.0948	0.0984	0.5992	0.094	0.1059	0.5285	0.5891	0.5883	0.5389
0.0932	0.0957	0.0915	0.3615	0.0953	0.0946	0.0974	0.0925	0.0952
0.0957	0.0932	0.0899	0.1024	0.0944	0.0923	0.0988	0.095	0.3689
0.0961	0.0999	0.402	0.0956	0.0961	0.0948	0.0958	0.0966	0.0969
0.0946	0.0968	0.1016	0.0865	0.0994	0.3774	0.0957	0.0964	0.0933
0.0996	0.1005	0.0952	0.098	0.0941	0.3665	0.1008	0.0982	0.0943
0.102	0.0983	0.0942	0.0958	0.3966	0.099	0.0944	0.0976	0.0932
0.0942	0.1057	0.0932	0.0961	0.0975	0.3718	0.0997	0.0942	0.0948
0.1019	0.0969	0.0915	0.0987	0.0976	0.4537	0.0975	0.0969	0.5772
0.0984	0.3985	0.0967	0.0941	0.098	0.0943	0.0956	0.0998	0.5473
0.0981	0.0904	0.1012	0.0909	0.0997	0.0973	0.3861	0.0997	0.5599
0.0977	0.0993	0.0963	0.0942	0.0983	0.0991	0.1024	0.0989	0.5924
0.0943	0.5906	2.1701	0.09	2.9457	2.4141	1.4242	4.3082	0.7765
0.0972	0.5685	2.1782	0.5029	2.9694	2.4165	1.3963	4.3272	0.7012
0.5726	0.1001	2.2362	0.1027	2.8386	2.3917	1.4601	4.2751	0.0979
0.5487	0.0987	2.2127	0.0982	2.8719	2.3785	1.4366	4.3113	0.0953
0.6024	0.6715	0.6823	0.1014	0.7606	0.6977	0.7473	0.7113	0.787
0.097	0.7221	0.6684	0.5595	0.7196	0.6918	0.7228	0.7555	0.7536
0.0903	0.1015	0.5766	0.5012	0.0986	0.6844	0.1014	0.1014	0.5739
0.0922	0.0981	0.0961	0.3442	0.0944	0.6575	0.6111	0.593	0.542
0.0964	0.0973	0.0972	0.0942	0.4198	0.6697	0.6114	0.5937	0.5357
0.4077	0.0928	0.578	0.0878	0.5957	0.6802	0.6418	0.5728	0.5877
0.0955	0.3892	0.5764	0.0948	0.5882	0.6803	0.6639	0.5511	0.5859
0.0989	0.0979	0.6141	0.5055	0.5512	0.5992	0.0959	0.5619	0.1013
0.0952	0.1006	0.6545	0.0978	0.7905	1.3815	0.7052	0.732	2.0418
0.4473	0.0941	0.7328	0.0965	0.0981	0.6509	0.712	0.7813	0.0957
0.0947	0.0957	0.7398	0.0969	0.0998	0.633	0.7138	0.7726	0.423
0.5409	0.5746	0.7015	0.0965	0.5751	0.6772	0.7076	0.7246	0.6613
0.0984	0.0971	0.093	0.0976	0.0927	0.0948	0.1005	0.3863	0.1002
0.0954	0.0976	0.0993	0.0968	0.0966	0.0947	0.0966	0.3845	0.0991
0.0978	0.0967	0.096	0.0925	0.0954	0.098	0.1011	0.0955	0.3838
0.1013	0.0935	0.7594	0.0921	0.6503	0.0987	0.7099	0.7142	0.7281
0.6718	0.7005	0.7207	0.6656	0.0924	0.6721	0.6952	0.7181	0.7284
0.0902	0.0973	0.094	0.0957	0.0996	0.1055	0.0986	0.102	0.3844
0.0917	0.0985	0.1033	0.0877	0.3804	0.0997	0.0955	0.094	0.0937
0.1032	0.0935	0.0998	0.0913	0.0967	0.0997	0.0915	4.4161	2.9411
0.5425	0.1014	0.662	0.52	0.7152	0.6347	0.7429	0.7591	0.7359
0.53	0.1031	0.7177	0.1009	0.6393	0.6566	0.6738	0.6921	0.7485
0.5355	0.089	0.738	0.099	0.6647	0.6716	0.6721	0.7103	0.7522
0.0931	0.0962	0.7099	0.5083	0.652	0.651	0.7143	0.7404	0.7026
0.0915	0.6219	0.6417	0.1001	0.1023	0.5143	0.628	0.8323	0.5645
0.5754	0.0894	0.1023	0.0943	0.0946	0.0946	0.0958	0.8122	0.0989
0.6923	0.0979	0.7077	0.6037	0.6912	0.6831	0.7478	0.675	0.6756
0.1008	0.6868	0.7326	0.0956	0.6618	0.698	0.6881	0.6775	0.7171
0.0957	0.0969	0.0972	0.0942	0.0961	0.3573	0.0996	0.1009	0.0965
0.0925	0.0955	0.0932	0.0955	0.0937	0.0925	0.0982	0.0972	0.378
0.0967	0.5391	0.5888	0.5049	0.5761	0.5619	0.6273	0.6204	0.6541
0.0972	0.0968	0.0956	0.0932	0.0957	0.0984	0.4968	0.0961	0.0968
0.0957	0.5292	0.6042	0.0961	0.5621	0.5345	0.6124	0.6231	0.5825
0.6643	0.0935	0.0932	0.0927	0.0987	0.0949	0.0986	0.4012	0.0898
0.6804	0.1018	0.0967	0.0937	0.0944	0.3726	0.0975	0.0985	0.0989
0.6727	0.0942	0.7238	0.0977	0.0982	0.1017	0.71	0.6681	0.6528
0.0966	0.0914	0.4253	0.0969	0.0977	0.6706	0.7304	0.6804	0.6595
0.0983	0.0955	0.1055	0.0933	0.4024	0.6719	0.7229	0.7003	0.675
0.0964	0.1018	0.8328	0.3557	0.6586	0.6875	0.777	0.6941	0.7447
0.098	0.5288	0.8299	0.0937	0.6609	0.6565	0.7743	0.6768	0.8008
0.0981	0.529	0.8107	0.0944	0.6528	0.6697	0.7719	0.6683	0.7557
0.0984	0.6637	0.7527	0.0978	0.6583	0.7261	0.7202	0.6625	0.7815
0.0946	0.6555	0.7458	0.1019	0.6681	0.6978	0.7147	0.6817	0.8113
0.1011	0.7202	3.2009	0.0922	2.1187	0.7289	0.7507	0.6939	2.1094
0.0908	0.0956	0.5972	0.0946	0.0938	0.103	0.0973	0.0953	0.6915
0.3808	0.1024	0.0951	0.0911	0.0935	0.0993	0.098	0.0933	0.6311
0.0932	0.0993	0.4087	0.0951	0.0975	0.097	0.1008	0.0957	0.632
0.3809	0.102	0.0982	0.0952	0.0929	0.0934	0.098	0.0975	0.6253
0.0922	0.0968	0.0976	0.092	0.0948	0.0991	0.0976	0.4255	0.6454
0.0912	0.0972	0.0979	0.0995	0.104	0.0987	0.3747	0.1003	0.6218
0.098	0.0974	0.6819	0.6326	0.0967	0.1019	0.096	0.0985	0.0955
0.0988	0.6329	0.104	0.0972	0.0987	0.1006	0.0969	0.1069	0.0969
3.8854	0.1022	4.0379	0.0972	0.0931	0.0971	0.0973	0.1004	0.0904
0.1004	0.0923	0.4025	0.0964	0.0967	0.0914	0.1024	0.0957	0.0906
0.0963	0.0966	0.0999	0.3289	0.0955	0.0966	0.0936	0.0958	0.0937
0.0968	0.0951	0.0933	0.0994	0.5277	0.0982	0.0979	0.1	0.0951
0.0934	0.0933	0.1055	0.0925	0.0954	0.1016	0.0973	0.5548	0.0936
0.3984	0.1008	0.8175	0.103	0.0993	0.1026	0.0976	0.7533	0.0997
0.0984	0.0978	0.8181	0.0992	0.1001	0.3745	0.0928	0.757	0.0951
0.5439	0.0986	0.0945	0.0941	0.6382	0.0978	0.1043	2.5511	1.7224
0.0966	0.0998	0.5691	0.0961	0.0965	0.5956	0.5678	2.6392	1.7003
0.0918	0.093	0.1027	0.631	0.0927	0.6723	0.1022	0.7186	0.6437
0.0939	0.0937	0.0985	0.6256	0.0963	0.6354	0.0968	0.7194	0.6553
0.1013	0.0961	0.728	0.0979	0.6265	0.6212	0.0998	0.0918	0.1033
0.0967	0.0985	0.6886	0.1008	0.4178	0.6551	0.5452	0.5684	0.0956
0.0922	0.1015	0.6974	0.1043	0.0958	0.6652	0.542	0.5593	0.4206
0.0958	0.0953	0.7062	0.3464	0.6339	0.6446	0.606	0.5804	0.628
0.0999	0.4117	0.7157	0.0962	0.6375	0.6548	0.6131	0.5652	0.6382
0.1009	0.0989	0.0981	0.0933	0.0932	0.6454	0.0937	0.0955	0.1031
0.661	0.0972	0.741	0.095	0.6988	0.682	0.7408	0.694	0.6908
0.0993	0.094	1.6291	0.0988	0.0975	0.09	0.3974	0.1006	0.0946
0.0928	0.0952	1.6317	0.3732	0.0891	0.1038	0.0974	0.098	0.0971
0.0939	0.0954	1.6129	0.0956	0.0978	0.1022	0.0953	0.0997	0.4196
2.3654	0.0933	10.5521	0.0975	3.9809	1.9129	5.3216	4.4774	5.0544
0.5242	0.7201	0.098	0.4918	0.4001	0.6889	0.6126	0.6673	0.6611
0.5093	0.6641	0.529	0.5164	0.0928	0.7079	0.5774	0.6425	0.7127
0.521	0.7081	0.5288	0.5011	0.0952	0.7111	0.6295	0.6393	0.6937
0.1013	0.6981	0.5616	0.0948	0.097	0.6674	0.0917	0.6289	0.6519
0.0994	0.6518	0.5591	0.0919	0.1015	0.6585	0.0898	0.6497	0.7083
0.0975	0.7037	0.5684	0.0944	0.0952	0.6757	0.093	0.6461	0.6992
0.101	0.1002	0.0964	0.0958	0.3976	0.095	0.0935	0.0942	0.1012
0.0972	0.0929	0.0967	0.0947	0.3874	0.0926	0.0982	0.0993	0.0998
0.0978	0.1005	0.0936	0.0938	0.0957	0.0961	0.0995	0.3871	0.0945
0.6785	0.0939	0.7524	0.0929	0.6868	0.6988	0.7465	0.6565	0.713
0.0967	0.1052	0.7482	0.6021	0.6617	0.6528	0.7411	0.7556	0.731
0.4822	0.0964	3.5709	0.0921	2.8235	2.3407	3.6024	2.6158	1.3908
0.4886	0.1055	3.5977	0.0923	2.8374	2.3462	3.6011	2.6085	1.388
0.0934	0.3966	3.5845	0.0993	2.8249	2.3562	3.6159	2.6058	1.3765
0.4859	0.0989	3.6076	0.0985	2.8493	2.3458	3.5908	2.6078	1.3722
0.0948	0.6469	3.6205	0.0956	2.81	2.2868	3.5269	2.6529	1.4688
0.099	0.622	3.5738	0.0965	2.7726	2.312	3.5504	2.6364	1.4445
0.099	0.6118	3.5609	0.095	2.8045	2.3164	3.4991	2.6573	1.4701
0.5811	0.6804	0.7812	0.0958	0.6739	0.6533	0.7499	0.705	0.694
0.0943	0.0972	0.7704	0.6002	0.6791	0.6849	0.7456	0.7695	0.7487
0.692	0.0905	0.6611	0.6273	0.6834	0.6798	0.6664	0.7284	0.7136
0.098	0.5902	2.923	0.0909	0.5736	2.8532	3.6851	1.9333	1.5033
0.1001	0.0956	2.9558	0.0981	0.1039	2.7823	3.8008	1.9228	1.4024
0.6706	0.0963	0.7474	0.099	0.6938	0.6868	0.6788	0.683	0.7097
0.6179	0.0987	0.741	0.0939	0.1018	0.717	0.686	0.7037	0.6901
0.0909	0.5595	0.0996	0.663	0.6781	0.5571	0.6709	0.1005	0.6826
0.0922	0.0961	0.6043	0.622	0.6995	0.5793	0.6846	0.7228	0.6997
0.0975	0.1004	0.6042	0.6397	0.6523	0.0987	0.6852	0.6147	0.6267
0.6449	0.0923	0.7054	0.4374	0.7413	0.6585	0.7353	0.9458	2.4377
0.6389	0.4047	0.7053	0.0975	0.6892	0.6251	0.7711	0.8621	2.4026
0.6732	0.0898	0.6992	0.526	0.7019	0.6974	0.7836	0.9258	2.4569
0.0978	0.1009	0.7051	0.6127	0.6769	0.7203	0.7328	0.7368	0.6756
0.0976	0.103	3.0483	0.0915	2.0942	0.101	0.0957	0.0917	2.0242
0.096	0.5636	3.0452	0.0991	2.1179	0.5674	0.6096	0.6124	2.0637
0.0904	0.0998	3.1408	0.5528	2.1555	0.5652	0.6218	0.6028	2.0936
0.5274	0.0999	1.5492	0.5552	0.0945	1.6173	2.3479	3.1562	2.9109
0.0995	0.5755	1.5115	0.0914	0.5845	1.5845	2.3749	3.1863	2.9056
0.0987	0.6723	0.6961	0.0905	0.7525	1.37	0.7253	0.7228	2.0564
0.098	0.0962	0.0972	0.0931	0.1019	0.0964	0.3712	0.098	0.1055
0.0945	0.099	0.0995	0.0915	0.0973	0.3494	0.0997	0.0984	0.098
0.0963	0.0939	0.0978	0.097	0.0985	0.0942	0.0958	0.3977	0.0919
0.3948	0.0983	0.1001	0.0961	0.0972	0.0981	0.0924	0.0947	0.095
0.0968	0.088	0.095	0.091	0.5229	0.103	0.0949	0.0959	0.5834
0.1024	0.0999	0.092	0.4754	0.0887	0.0955	0.0915	0.0928	0.0968
0.0943	0.0937	0.0923	0.1029	0.3945	0.098	0.0964	0.0963	0.0978
0.1022	0.0987	0.095	0.0919	0.0956	0.0959	0.448	0.0969	0.0966
0.0991	0.0967	0.0948	0.0872	0.5483	0.096	0.0965	0.5428	0.5718
0.0973	0.0994	0.5995	0.1021	0.3882	0.5783	0.0955	0.0945	0.0957
0.0953	0.0926	0.5763	0.0935	0.0971	0.6187	0.436	0.0927	0.0978
0.0963	0.1001	0.5713	0.3371	0.0937	0.6109	0.0982	0.0927	0.0933
0.0942	0.099	0.5802	0.0956	0.0987	0.6015	0.4439	0.098	0.0944
0.0961	0.099	0.604	0.0948	0.0998	0.0944	0.1031	0.0993	0.394
0.0978	0.0981	0.5456	0.093	0.0945	0.4324	0.0951	0.0968	0.101
0.0969	0.0916	0.5818	0.0995	0.3979	0.0931	0.0945	0.0966	0.0941
0.0929	0.0955	0.5691	0.0964	0.1006	0.0964	0.1021	0.4097	0.0996
0.0988	0.0989	0.0971	0.1057	0.0976	0.6271	0.5479	0.598	0.5587
0.0941	0.0969	0.0964	0.0998	0.5914	0.0997	0.0904	0.0914	0.0966
0.0944	0.0937	0.1062	0.0948	0.0961	0.0985	0.4239	0.1024	0.0983
0.0958	0.0944	0.0956	0.0966	0.0933	0.3838	0.0942	0.0965	0.0975
0.0977	0.0967	0.0996	0.0988	0.1001	0.3812	0.1028	0.1017	0.0982
0.634	0.0925	0.6646	0.101	0.1017	0.6318	0.7143	0.7552	0.096
0.096	0.0978	0.0915	0.0967	0.0958	0.0975	0.0938	0.3881	2.513
0.0947	0.0969	0.0935	0.0971	0.0916	0.1004	0.3912	0.0978	2.4672
0.5393	0.562	0.6284	0.0977	0.5619	0.5831	0.594	0.6621	2.5551
0.5269	0.099	0.6171	0.0993	0.0969	0.6383	0.6739	0.6213	0.5502
0.0985	0.0919	0.0955	0.0992	0.094	0.6144	0.1004	0.101	0.095
0.0984	0.1038	0.584	0.0975	0.5536	0.6678	0.6399	0.568	0.5557
0.0997	0.1013	0.7203	0.3459	0.0998	0.0981	0.0958	0.0933	0.0999
0.0964	0.097	0.701	0.0915	0.0921	0.0937	0.0936	0.0987	0.4008
0.0965	0.0977	0.7552	0.0909	0.641	0.0977	0.6783	0.7122	0.6578
0.0964	0.0918	0.0959	0.0966	0.094	0.5025	0.0963	0.0936	0.0972
0.5181	0.6007	0.6696	0.0978	0.5844	0.5712	0.6344	0.6	0.6275
0.5053	0.5868	0.6821	0.0972	0.5168	0.5588	0.602	0.5912	0.635
0.1006	0.0936	0.0978	0.0933	0.0985	0.0921	0.0982	0.5525	0.5274
0.4931	0.1001	0.6108	0.096	0.5513	0.0974	0.0946	0.0949	0.0967
0.5306	0.0998	0.6082	0.531	0.5554	0.5373	0.6287	0.5882	0.6025
0.097	0.0976	0.0946	0.0978	0.0998	0.0942	0.5082	0.0942	0.5167
0.0965	0.5611	0.0965	0.0992	0.1002	0.0972	0.5806	0.5896	0.5369
0.0981	0.0935	0.6161	0.0939	0.1004	0.5451	1.7481	0.5929	0.3774
0.0984	0.097	0.5899	0.1033	0.4	0.511	1.77	0.5832	0.0996
0.0939	0.096	0.0939	0.0959	0.1005	0.0924	1.7413	0.0986	0.5435
0.104	0.3805	0.0963	0.0946	0.0985	0.0977	0.1001	0.1022	0.5402
0.0994	0.0946	0.0983	0.0956	0.0954	0.3613	0.1022	0.1007	0.5349
0.0994	0.0973	0.4038	0.0932	0.0953	0.1012	0.0999	0.1014	0.524
0.095	0.0959	0.0975	0.0938	0.095	0.1004	0.0943	0.3923	0.518
0.0979	0.391	0.1023	0.0982	0.0921	0.0951	0.0945	0.0958	0.5292
0.1002	0.1022	0.1	0.3474	0.0927	0.1032	0.099	0.0993	0.529
0.5519	0.0964	0.5946	0.0928	0.0985	0.5509	0.5526	0.0969	0.5633
0.0997	0.0946	0.5635	0.0955	0.5731	0.0992	0.1015	0.5599	0.0992
0.0991	0.0944	0.5656	0.0973	0.559	0.0938	0.0941	0.5787	0.0995
0.5588	0.0915	0.0974	0.097	0.5685	0.0944	0.098	0.0971	0.094
0.1005	0.1007	0.5973	0.5623	0.5655	0.587	0.5809	0.5792	0.6067
0.6235	0.6641	0.8305	0.0965	0.6977	0.704	0.7384	0.6859	0.7192
0.0937	0.1012	0.089	0.0924	0.0982	0.1005	0.1017	0.0982	0.6375
0.5513	0.0956	0.5842	0.1008	0.5611	0.6521	0.1001	0.0919	0.5806
0.094	0.0894	0.1	0.097	0.0947	0.5876	0.0944	0.0968	0.0939
0.0933	0.0934	0.0976	0.0969	0.097	0.6048	0.0978	0.0976	0.0966
0.1014	0.587	0.6056	0.0924	0.1052	0.6298	0.6284	0.5469	0.5943
0.1026	0.1013	0.6936	0.0947	0.6723	0.6958	0.6931	0.727	0.6649
0.0999	0.0999	0.7722	0.1018	0.6353	0.0946	0.6538	0.0947	0.6707
0.6864	0.0999	0.8614	0.1	0.0969	0.6782	0.7054	0.7177	0.7094
0.6922	0.7537	3.5894	0.6296	1.7408	1.8825	3.4993	2.6745	0.0983
0.0965	0.5594	0.639	0.0949	0.714	0.5569	0.0977	0.1034	0.0981
0.0975	0.5594	0.5791	0.098	0.7051	0.5253	0.0964	0.1004	0.0983
0.0907	0.3973	0.7434	0.0933	0.6409	0.0912	0.0985	0.0976	0.1011
0.0939	0.1011	0.7403	0.0961	0.6594	0.0938	0.0958	0.096	0.3637
0.0943	0.4827	0.7478	0.095	0.6606	0.6979	0.7017	0.7187	0.7227
0.0969	0.4957	0.741	0.0983	0.6752	0.7373	0.6938	0.6896	0.7393
0.0948	0.097	0.7441	0.3667	0.6626	0.6917	0.7185	0.6893	0.6927
0.0938	0.1002	2.9405	2.5431	3.3428	1.9186	4.0649	4.6009	5.008
0.585	0.0978	2.9938	2.5808	3.3241	1.953	4.0941	4.6171	4.8975
0.6535	0.6694	0.7603	0.6213	0.0969	0.0913	0.7544	0.7394	0.6355
0.6521	0.097	0.7172	0.6406	0.6517	0.6982	0.7586	0.756	0.6803
0.0925	0.0956	0.0938	0.1017	0.0938	0.1011	0.0944	0.0925	0.4383
0.0965	0.0958	0.0991	0.3448	0.0966	0.0938	0.0943	0.0946	0.0962
0.366	0.0941	0.0903	0.0896	0.1	0.0975	0.0976	0.0918	0.0945
0.099	0.0979	0.096	0.0974	0.5377	0.0992	0.5298	0.0974	0.0985
0.3715	0.1057	0.1015	0.0997	0.0946	0.0974	0.0943	0.0982	0.7161
0.0975	0.0998	0.0986	0.0943	0.4114	0.1007	0.1016	0.0971	0.705
0.589	0.093	0.6868	0.0991	0.8343	1.4477	0.7026	0.6715	2.0327
0.5526	0.0972	0.5972	0.0946	0.1048	0.0975	0.5731	0.6463	0.6309
0.0917	0.1036	0.6089	0.3398	0.0991	0.0983	0.0961	0.0988	0.5279
0.0939	0.3688	0.6014	0.0954	0.0946	0.1045	0.0951	0.0925	0.589
0.0892	0.0962	0.4079	0.0941	0.1009	0.1002	0.0909	0.091	0.0981
0.0966	0.093	0.0944	0.0956	0.3922	0.1001	0.0972	0.098	0.1042
0.0949	0.0977	0.0998	0.0955	0.0916	0.3554	0.1037	0.0978	0.0924
0.3708	0.0971	0.0958	0.093	0.0962	0.0967	0.0987	0.0969	0.0951
0.0953	0.0932	0.4145	0.0933	0.0922	0.0944	0.1004	0.0955	0.0923
0.6241	0.0963	0.7274	0.1021	0.6443	0.6912	0.7318	0.6982	0.7426
0.6292	0.0985	0.6934	0.0921	0.6393	0.6667	0.7254	0.6788	0.7749
0.7263	0.0961	0.6551	0.0956	0.6847	0.6892	0.6885	0.6907	0.1021
0.6686	0.0915	0.7282	0.649	0.6469	0.7258	0.7691	0.7289	0.723
0.6718	0.0934	0.7119	0.6521	0.6603	0.7198	0.7579	0.7351	0.7326
0.0917	0.0879	0.7165	0.5989	0.0982	0.1054	0.6742	0.7184	0.6835
0.1023	0.0932	0.096	0.0912	0.7099	0.0967	0.6874	0.6667	0.7243
0.0909	0.0983	0.0974	0.097	0.0958	0.1009	0.4093	0.0972	0.0899
0.0947	0.096	0.1001	0.3278	0.0964	0.0997	0.0938	0.1002	0.0976
0.5524	0.5436	0.6557	0.0987	0.5449	0.6035	0.5862	0.579	0.5843
0.0968	0.0912	0.4283	0.0994	0.0898	0.1021	0.1017	0.5263	0.5499
0.3961	0.0954	0.0975	0.0937	0.0968	0.0966	0.098	0.5472	0.5618
0.0965	0.0948	0.0991	0.0977	0.102	0.3786	0.0943	0.5994	0.0928
0.0969	0.1031	0.4247	0.0938	0.0934	0.0962	0.0987	0.5642	0.1007
0.0957	5.19	3.1062	0.095	3.9231	3.2754	2.6937	1.8341	4.093
0.094	0.452	0.6969	0.095	0.6624	0.0949	0.7409	0.7448	0.0974
0.3771	0.1011	0.6252	0.0996	0.6816	0.0927	0.7512	0.7387	0.0903
0.1046	0.0957	0.5681	0.098	0.6114	0.5046	0.6618	0.5737	0.0974
0.0983	0.1006	0.0985	0.0955	0.0943	0.095	0.4848	0.096	0.0949
0.0979	0.1002	0.0922	0.1012	0.4049	0.0962	0.1037	0.0956	0.0987
0.0899	0.0949	0.6367	0.1015	0.5915	0.5456	0.6572	0.6025	0.5913
0.3762	0.0961	0.0952	0.1009	0.0965	0.0987	0.0984	0.0955	0.5359
0.0988	0.1	0.1024	0.0976	0.4123	0.0972	0.0941	0.0844	0.5725
0.0963	0.3937	0.0936	0.0968	0.0936	0.0933	0.1004	0.0971	0.5658
0.0972	0.3895	0.1026	0.0925	0.0925	0.0967	0.0956	0.1023	0.5562
0.0944	0.0918	0.103	0.096	0.5477	0.0932	0.1008	0.0989	0.0961
0.0951	0.0972	0.0966	0.0934	0.5565	0.0962	0.0974	0.0938	0.0945
0.0974	0.0961	0.0918	0.0955	0.0963	0.0952	0.0993	0.4043	0.0953
0.3964	0.0979	0.0928	0.1006	0.0984	0.0986	0.1013	0.092	0.1016
0.097	0.5469	0.0989	0.0959	0.0917	0.5956	0.5789	0.5786	0.097
0.1018	0.0911	0.0965	0.1	2.0747	0.098	0.097	1.8931	1.9302
0.095	0.5647	0.5937	0.1037	2.0594	0.595	0.6614	1.8618	1.9525
0.0969	0.5309	0.6579	0.0967	2.1054	0.5734	0.6658	1.9626	1.9205
0.6567	0.0959	0.7378	0.6754	0.624	0.714	0.7008	0.7332	0.7246
0.6452	0.0956	0.7318	0.6391	0.6542	0.6753	0.7362	0.7013	0.6605
0.6511	0.0958	0.8066	0.5803	0.638	0.6794	0.7589	0.6811	0.6487
0.0958	0.0977	0.5623	0.4961	0.0905	0.0966	0.0918	0.5848	0.0989
0.0959	0.5679	0.6334	0.0948	0.5622	0.5316	0.1026	0.6122	0.101
0.0994	0.0931	0.0975	0.3259	0.0979	0.0922	0.102	0.1017	0.1039
0.0996	0.0968	0.0983	0.0968	0.1036	0.0942	0.4091	0.0914	0.0968
0.095	0.0989	0.0982	0.0941	0.0933	0.3639	0.0958	0.0944	0.1007
0.0982	0.0994	0.0913	0.0957	0.0981	0.0959	0.0992	0.4062	0.1048
0.0922	0.1028	0.0946	0.0947	0.5473	0.3808	0.0951	0.0989	0.1005
0.377	0.0954	0.0986	0.103	0.562	0.1015	0.0923	0.0918	0.0997
0.102	0.0976	0.7608	0.4889	0.672	0.7207	0.9055	0.716	0.6527
0.0964	0.6606	0.7829	0.0909	0.6667	0.6704	0.8595	0.6835	0.709
0.6347	0.0976	0.7266	0.6316	0.6685	0.7092	0.7018	0.8075	0.6788
0.6784	0.0944	0.7024	0.0934	0.6956	0.0964	0.098	0.1065	0.6975
